segment dvg count
HA: 42.0 [40.88405768560046]
M: 45.0 [16.45870252750468]
NA: 0.0 [0.0]
NP: 78.0 [49.77827380705237]
NS: 80.0 [37.66256942645402]
PA: 29.0 [60.04956800247568]
PB1: 75.0 [71.8781547885202]
PB2: 77.0 [74.01718185581335]
all: 53.5 [62.65835340593631]
segment read support per dvg
HA: 0.001152073732718894 [0.00036336732683331315
M: 0.0020161290322580645 [0.0002490349966776067
NP: 0.0012987012987012987 [0.0002351578608474448
NS: 0.002325581395348837 [0.0008251830902347779
PA: 0.0009017132551848512 [0.0007219243416013022
PB1: 0.0008635578583765112 [0.00038734557890396175
PB2: 0.0008658008658008658 [0.0006144097243250244
all: 0.001142857142857143 [0.0007501295044080455]
0.9967073406933953 of DVGs supported by <0.005 rel reads
