segment dvg count
HA: 37.0 [26.314808298797637]
M: 39.0 [13.325923867168845]
NA: 0.0 [0.0]
NP: 63.0 [46.64523317315262]
NS: 68.0 [24.748113782720274]
PA: 26.0 [53.88465046333283]
PB1: 63.0 [58.74237539176183]
PB2: 59.0 [55.28913897764089]
all: 44.0 [49.538049271416455]
segment read support per dvg
HA: 1.0 [0.2802258930443893
M: 1.0 [0.12421073828312822
NP: 1.0 [0.17049270969855762
NS: 1.0 [0.4027465171371817
PA: 1.0 [0.8405230304184895
PB1: 1.0 [0.4691751281600562
PB2: 1.0 [0.7336628360662637
all: 1.0 [0.5221029752076968]
0.9990331157843848 of DVGs supported by <10 reads
